### Some palettes from https://www.canva.com/learn/100-color-combinations/

palettes_bright <- list(
  colset_cheer_brights = c("#C73721", "#31A9B8", "#F5BE41", "#258039"),
  colset_pool_party = c("#344D90", "#5CC5EF", "#FFB745", "#E7552C"),
  colset_beyond_bw = c("#31A2AC", "#AF1C1C", "#F0EFF0", "#2F2F28"),
  colset_sleek_modern = c("#2F2E33", "#D5D6D2", "#FFFFFF", "#3A5199"),
  colset_bold_culture = c("#4C3F54", "#D13525", "#F2C057", "#486824"),
  colset_modern_urban = c("#217CA3", "#E29930", "#32384D", "#211F30"),
  colset_sun_sky = c("#F9BA32", "#426E86", "#F8F1E5", "#2F3131"),
  colset_subdued_prof = c("#90AFC5", "#336B87", "#2A3132", "#763626"),
  colset_urban_oasis = c("#506D2F", "#2A2922", "#F3EBDD", "#7D5642")
)

palettes_mid <- list(
  colset_golden_afternoon = c("#882426", "#CDBEA7", "#323030", "#C29545"),
  colset_orange_accent = c("#756867", "#D5D6D2", "#353C3F", "#FF8D3F"),
  colset_misty_greens = c("#04202C", "#304040", "#5B7065", "#8E9B97","#C9D1C8"),
  colset_spicy_neutrals = c("#AF4425", "#662E1C", "#EBDCB2", "#C9A66B"),
  colset_warm_naturals = c("#2E2300", "#6E6702", "#C05805", "#DB9501"),
  colset_autumn_vermont = c("#8D230F", "#1E434C", "#9B4F0F", "#C99E10"),
  colset_greens_blues = c("#324851", "#86AC41", "#34675C", "#7DA3A1"),
  colset_surf_turf = c("#F4CC70", "#DE7A22", "#20948B", "#6AB187")
)

palettes_light <- list(
  colset_sunkissed_village = c("#D24136", "#EB8A3E", "#EBB582", "#785A46"),
  colset_warm_cool = c("#444C5C", "#CE5A57", "#78A5A3", "#E1B164"),
  colset_muted_antique = c("#A4CABC", "#EAB364", "#B2473E", "#ACBD78"),
  colset_retro_relaxing = c("#D35C37", "#BF9A77", "#D6C6B9", "#97B8C2")
)
